ciji2 ：
max：0.466147689312969	0.420103440542618	0.420670273760293	6.66019234409053	6.39475589873560	6.66398569305085	1.58765342206047	1.58776705173554	1.58774273881273	728813.528452165	730935.569176384	740166.924725908	13006.4916632342	13126.6815017208	13310.5950793291	19.5312500000000	11.7187500000000	21.4843750000000

min：0.0715407068520130	0.0737146370317198	0.0739553056127365	0.0902113718944890	0.131751370244233	0.118111407475715	1.58480667618383	1.58439235361208	1.58419364356725	814.268444981975	495.081564775729	486.685644480779	24.9640703365168	20.5538269651899	18.5600475131897	0.976562500000000	0.976562500000000	0.976562500000000

ciji4：
max：0.420571128429943	0.431481997425921	0.396029268824535	6.97958611374722	6.53596942584659	6.92889219304955	1.58765342206047	1.58766895578452	1.58771521979317	140212.926117683	135833.057323707	141625.536108104	2169.29037777494	2333.27260170019	2126.11681380903	11.7187500000000	12.6953125000000	21.4843750000000

min：0.0675277332698722	0.0630482608309862	0.0640457614131247	1.03453977531154	0.823577947481153	0.707596945501768	1.58489682328522	1.58447850636848	1.58462044581327	456.311968096901	499.058442915756	431.930945289621	25.7820142699926	22.8579144046953	22.6274715896643	0.976562500000000	0.976562500000000	0.976562500000000


ciji6：
max：0.425441003917554	0.390680429938368	0.450793150507219	6.71193151347543	6.39389426083287	6.86714570897349	1.58789834645348	1.58797118074811	1.58795961066208	9656368.90532624	9648456.80077747	9668687.97187145	214794.580830994	214794.513516979	215427.267910466	11.7187500000000	11.7187500000000	20.5078125000000

min：0.0781397211404009	0.0651401342042398	0.0608504912297791	0.532605033462497	0.544223455950851	0.509910006664626	1.58492054361976	1.58458220194203	1.58444557666808	675.089381455604	461.608368963910	370.669275610570	28.0172794897542	22.5891185065345	20.1452401379635	0.976562500000000	0.976562500000000	0.976562500000000




ciji10 ：
max：0.418750082627788	0.390447794066147	0.405984085806819	6.49183793618784	6.47437209334965	6.83789612673391	1.58764095414808	1.58762531774036	1.58771828626002	133462.072381730	127512.817651341	130626.806299057	3548.81335856566	3448.19286990573	3467.12684330117	17.5781250000000	17.5781250000000	16.6015625000000

min：0.0825234326026046	0.0823385223948986	0.0787099078942448	0.196665447712744	0.231307668808772	0.225880391328662	1.58467717515187	1.58407269572967	1.58462044581327	650.086310637316	431.868945824615	541.901838327545	24.5959119117164	21.0811233711516	22.8406342188057	0.976562500000000	0.976562500000000	0.976562500000000